==============================================
          DECADE COUNTER TEST
==============================================
Time    Reset   Count   Decimal
----------------------------------------------
0       1       0000    0
12000   0       0000    0
15000   0       0001    1
25000   0       0010    2
35000   0       0011    3
45000   0       0100    4
55000   0       0101    5
65000   0       0110    6
75000   0       0111    7
85000   0       1000    8
95000   0       1001    9
105000  0       0000    0
115000  0       0001    1
125000  0       0010    2
135000  0       0011    3
145000  0       0100    4
155000  0       0101    5
165000  0       0110    6
----------------------------------------------
Simulation completed successfully.